    NumOnd_1  Nps_1  Npp_1    gamma_1        i_1  Ninsta_1  NumOnd_2  Nps_2  \
0        2.0   18.0   19.0  -5.565848  33.167132       4.0       2.0   15.0   
1        2.0   17.0   23.0 -11.345237  33.516161       2.0       2.0   16.0   
2        2.0   18.0   20.0  -6.339034  33.643320       5.0       2.0   15.0   
3        2.0   16.0   21.0  -4.219923  32.410287       4.0       2.0   17.0   
4        2.0   18.0   22.0  -7.764532  33.690688       2.0       2.0   17.0   
5        2.0   17.0   20.0  -5.865894  31.747933       2.0       2.0   17.0   
6        2.0   17.0   22.0 -11.092305  33.734662       2.0       2.0   16.0   
7        2.0   17.0   22.0  -9.951689  33.689685       2.0       2.0   16.0   
8        2.0   17.0   21.0  -8.477780  33.720238       4.0       2.0   15.0   
9        2.0   17.0   23.0  -7.419467  33.591727       3.0       2.0   15.0   
10       2.0   16.0   23.0  -8.089446  33.522140       3.0       2.0   16.0   
11       2.0   18.0   25.0  -9.958880  33.429038       2.0       2.0   15.0   
12       2.0   17.0   21.0  -9.239271  33.115187       2.0       2.0   17.0   
13       2.0   17.0   22.0 -11.794862  33.675985       2.0       2.0   16.0   
14       2.0   18.0   21.0  -7.062973  33.442071       4.0       2.0   15.0   
15       2.0   18.0   21.0  -8.229763  33.737219       2.0       2.0   18.0   
16       2.0   17.0   21.0  -4.171681  33.467265       4.0       2.0   16.0   
17       2.0   16.0   20.0  -3.983690  32.378622       4.0       2.0   17.0   

    Npp_2    gamma_2        i_2  Ninsta_2        f1        f2        f3  
0    22.0  -3.834161  37.658737       2.0  0.128379  0.143279  8.010501  
1    23.0  -7.638126  39.729204       3.0  0.128874  0.142548  7.758976  
2    22.0  -3.222119  37.647060       3.0  0.126105  0.148985  9.062074  
3    23.0  -3.738182  37.922551       4.0  0.125859  0.150026  9.207830  
4    23.0  -3.951106  39.045465       2.0  0.130953  0.141928  7.393584  
5    21.0  -7.093046  39.362039       3.0  0.129771  0.142183  7.626567  
6    23.0  -6.222188  38.734313       4.0  0.127439  0.144374  8.223472  
7    24.0  -5.339148  38.613685       4.0  0.127210  0.144796  8.306694  
8    24.0  -4.282377  38.379339       4.0  0.125935  0.149761  9.157638  
9    25.0  -3.921396  38.758151       4.0  0.126243  0.147931  8.865968  
10   24.0  -4.847960  39.321918       4.0  0.126285  0.147627  8.816163  
11   20.0 -10.323766  42.070474       4.0  0.128266  0.143797  8.145610  
12   24.0  -6.486808  38.489235       2.0  0.131273  0.141896  7.345245  
13   23.0  -6.747571  38.793954       3.0  0.129048  0.142413  7.715438  
14   23.0  -3.728687  38.100483       3.0  0.126539  0.146826  8.699926  
15   25.0  -2.422097  38.452488       2.0  0.130412  0.141979  7.491494  
16   25.0  -0.823528  36.825198       4.0  0.125635  0.151155  9.354353  
17   23.0  -3.651398  37.748609       3.0  0.126868  0.146037  8.592493  
