    NumOnd_1  Nps_1  Npp_1   gamma_1        i_1  Ninsta_1  NumOnd_2  Nps_2  \
0        1.0   17.0   10.0 -7.843227  42.180537       9.0       2.0   17.0   
1        1.0   17.0   10.0 -6.005034  40.799560      10.0       2.0   17.0   
2        1.0   16.0   12.0 -6.452540  40.121002       8.0       2.0   17.0   
3        1.0   17.0   10.0  1.482261  37.148273       9.0       2.0   17.0   
4        1.0   16.0   13.0 -5.079276  38.666553       9.0       2.0   15.0   
5        1.0   16.0   11.0 -5.157211  41.905822       6.0       2.0   17.0   
6        1.0   16.0   11.0 -4.233322  41.350290       7.0       2.0   17.0   
7        1.0   16.0   12.0 -6.301325  40.284295       8.0       2.0   17.0   
8        1.0   16.0   13.0 -4.522818  38.537793       9.0       2.0   15.0   
9        1.0   16.0   11.0 -1.881657  38.866297       9.0       2.0   17.0   
10       1.0   18.0   10.0 -7.043666  39.878441       8.0       2.0   16.0   
11       1.0   17.0   10.0 -7.943624  42.520485       9.0       2.0   17.0   
12       1.0   17.0   10.0 -5.089153  41.490217       7.0       2.0   18.0   
13       1.0   17.0   10.0 -5.747016  41.551542       7.0       2.0   18.0   
14       1.0   17.0    9.0 -6.167848  41.282703       8.0       2.0   17.0   
15       1.0   17.0   11.0 -5.050236  41.036519       7.0       2.0   17.0   
16       1.0   18.0   10.0 -5.893357  40.842787       7.0       2.0   16.0   
17       1.0   16.0   11.0 -2.052308  39.622253       8.0       2.0   17.0   
18       1.0   17.0   10.0 -1.305788  39.034379       8.0       2.0   17.0   
19       1.0   17.0   10.0 -3.843888  39.306654       8.0       2.0   17.0   
20       1.0   18.0   11.0 -5.178259  39.874462       8.0       2.0   18.0   

    Npp_2    gamma_2        i_2  Ninsta_2        f1        f2        f3  
0     3.0  49.166149  34.287952      13.0  0.112628  0.146167  6.205582  
1     3.0  40.489989  36.048351      17.0  0.097646  0.149046  5.496902  
2     3.0  38.174998  36.317327      18.0  0.104744  0.148341  5.916639  
3     3.0  20.480148  40.898354      22.0  0.093633  0.150459  5.395415  
4     3.0  30.444225  37.763539      22.0  0.089595  0.151879  5.388136  
5     3.0  50.432032  34.731703      10.0  0.132685  0.144340  8.180219  
6     3.0  46.541354  35.513665      11.0  0.126502  0.144483  7.371622  
7     3.0  39.295454  36.178517      17.0  0.106573  0.147886  5.990142  
8     3.0  29.599211  38.029390      22.0  0.089466  0.151894  5.379882  
9     3.0  30.599522  38.436674      21.0  0.094911  0.150330  5.472291  
10    3.0  38.337514  36.249815      19.0  0.108368  0.147798  6.127549  
11    3.0  50.736834  34.005837      12.0  0.114272  0.145771  6.283777  
12    3.0  46.324302  35.425171      13.0  0.123809  0.145102  7.153329  
13    3.0  47.624093  35.078143      12.0  0.125252  0.144776  7.265276  
14    3.0  45.786798  35.234640      15.0  0.120768  0.145695  6.929287  
15    3.0  44.694799  35.638110      13.0  0.121821  0.145218  6.989951  
16    3.0  43.609152  35.691119      15.0  0.121780  0.145526  7.052354  
17    3.0  35.841952  37.684502      16.0  0.111947  0.146875  6.234248  
18    3.0  32.203043  38.423474      17.0  0.111323  0.147025  6.192375  
19    3.0  33.802608  37.657243      18.0  0.109827  0.147370  6.138204  
20    3.0  37.293305  36.824883      16.0  0.104776  0.148029  5.871622  