    NumOnd_1  Nps_1  Npp_1   gamma_1        i_1  Ninsta_1  NumOnd_2  Nps_2  \
0        1.0   17.0    8.0 -3.414992  40.323888      11.0       1.0   17.0   
1        1.0   18.0    4.0 -4.246335  38.652262       6.0       1.0   16.0   
2        1.0   17.0    9.0 -4.513518  40.822240       9.0       1.0   17.0   
3        1.0   18.0    8.0 -2.022218  39.888352      11.0       1.0   17.0   
4        1.0   17.0    8.0 -2.959449  39.546438      10.0       1.0   17.0   
5        1.0   15.0   10.0  3.563144  36.442810      11.0       1.0   17.0   
6        1.0   15.0   11.0 -4.180009  40.672635       8.0       1.0   16.0   
7        1.0   18.0    8.0 -4.202478  40.495884       8.0       1.0   16.0   
8        1.0   16.0    9.0  1.061266  37.493113      11.0       1.0   16.0   
9        1.0   16.0    8.0 -5.421687  41.175675       8.0       1.0   17.0   
10       1.0   18.0    8.0 -0.222879  37.637752      13.0       1.0   15.0   
11       1.0   17.0    9.0  3.653802  35.324540      12.0       1.0   16.0   
12       1.0   17.0    8.0  0.756496  37.690547      11.0       1.0   17.0   
13       1.0   17.0    9.0  2.880205  36.863852      12.0       1.0   17.0   
14       1.0   18.0    7.0 -6.060761  40.107504       7.0       1.0   16.0   
15       1.0   17.0    9.0  3.308924  35.858753      13.0       1.0   17.0   
16       1.0   15.0   10.0  2.679594  36.806740      11.0       1.0   17.0   

    Npp_2    gamma_2        i_2  Ninsta_2        f1        f2        f3  
0    10.0  -2.179628  37.726416       7.0  0.127092  0.148179  9.179543  
1    10.0 -12.722168  38.351431       7.0  0.131865  0.142088  7.730052  
2    10.0  -2.162039  37.759119       6.0  0.127553  0.145769  8.705324  
3    10.0  -3.054824  37.773099       6.0  0.127150  0.147432  9.033097  
4    10.0  -8.107595  38.133505       6.0  0.127705  0.145639  8.722293  
5    10.0 -18.697905  38.830092       1.0  0.130078  0.142693  7.969488  
6    10.0  -3.558466  37.855600       4.0  0.129171  0.143142  8.091741  
7    10.0  -5.130773  37.980644       7.0  0.127956  0.144886  8.547391  
8     9.0 -12.904263  38.375188       5.0  0.127944  0.145087  8.625826  
9    10.0  -0.550994  37.653166       6.0  0.128950  0.143532  8.270157  
10   10.0 -11.870484  38.272635       6.0  0.126889  0.148949  9.296972  
11   10.0 -23.504674  39.062410       4.0  0.127263  0.146181  8.808646  
12   10.0 -13.906233  38.481587       5.0  0.127805  0.145343  8.678161  
13    9.0 -16.981318  38.690959       4.0  0.127393  0.146049  8.784229  
14    9.0  -4.036154  37.792155       7.0  0.129643  0.142769  8.077560  
15   10.0 -20.411649  38.884534       5.0  0.126530  0.149334  9.317985  
16   10.0 -17.503838  38.747226       2.0  0.129150  0.143298  8.175431  
